11100000000000000000000000010010
00000000000000000100100100001000
10000000000000000000100100111000
10101000000000000100000000000111
10000000000000000000000000100100
10000000000000000000111111111000
11100000000000000000000000000010
00000000000000000000000000010111
10000000000000000000111111100100
11100000000000000000000000010010
01000000000000000000000000100100
01000000000000000000111111111000
11100000000000000000000000000010
00000000000000000000000000010111
11100000000000000000000100010010
10000000000000000000111111100100
11100000000000000000000010010010
00000000000000000111100100011000
10000000000000000000111111100100
11100000000000000000000100000010
00000000000000000000000000001111
10000000000000000000100100100100
11100000000000000000000100000010
00000000000000000000000000001111